158
157
473
1106
789
-158
157
473
-789
1105
790
790
158
474
-474
158
1105
-789
-790
-158
-789
-789
-789
-790
1105
-473
-157
789
-789
1105
-157
-789
158
158
790
-1106
1105
-1105
-474
473
158
-790
1106
-789
-157
158
-1105
-790
-473
1106
474
474
1106
-474
1105
-790
473
158
-1105
474
474
-157
790
1106
473
-1106
-473
473
158
-1105
789
-474
-158
474
789
1106
-1105
157
-473
790
158
-158
1105
1105
157
790
790
-474
474
157
-1104
157
790
1105
-789
-1105
-1106
158
790
-790
-474
789
157
-158
1105
1106
-1105
790
473
-158
-790
-1106
157
-474
-790
-158
473
1106
1105
473
-1106
-1105
474
1105
473
-1106
-790
-474
1105
-157
-158
157
473
-474
1106
1105
474
474
-474
-1105
790
-789
-789
-474
1106
1105
1106
158
473
157
158
-1105
790
473
-157
-158
-474
473
1106
-473
789
790
-157
-158
-1106
474
1106
-473
-158
-157
790
-1106
-789
1106
-473
790
-789
158
1105
473
157
790
474
-474
473
789
789
157
-474
1105
-157
157
790
789
158
-790
-790
1106
-1106
-1105
-157
1105
-157
158
-1106
473
789
474
-473
-473
-157
789
-157
789
-789
-474
473
-157
-474
-158
1106
-1105
157
-789
789
-1105
790
-474
-157
790
-474
-474
790
-789
1105
-1105
789
158
-789
474
1105
-473
-158
-473
157
790
-157
1105
-790
-789
157
-1105
-789
157
-1105
158
157
473
158
474
157
-1105
-1106
789
-1106
-474
-474
-789
1106
157
-157
473
-1106
789
-1105
-157
-473
157
473
-1105
-158
473
790
-1105
790
789
789
157
474
-473
789
-474
1105
-157
158
-473
-157
-473
158
-158
-1105
474
-790
-789
158
473
1105
789
473
1106
-473
158
158
-474
158
474
-473
-1105
-790
789
1106
790
158
157
-473
789
-790
-1106
1106
157
157
789
-789
-473
-157
-473
-1105
790
474
-1105
-158
1106
157
-158
473
1105
1105
-158
-1105
789
-474
473
-789
-790
158
-1106
-473
790
1106
158
157
473
-158
-474
-473
1105
1106
-1105
-473
158
-158
-157
1106
1106
-1105
-1106
-158
157
473
-1105
-473
-1105
158
1105
474
-473
473
1105
-1105
789
1106
-158
-1105
-1106
-790
-158
789
-474
-789
474
-157
474
157
-1105
-473
1106
-790
473
-1105
473
-158
1105
789
1106
-158
-789
-1105
789
473
158
158
-474
158
1106
-1105
-789
-474
-789
-157
1105
473
474
-789
1106
-1105
158
-157
-157
1105
-789
-473
-1106
1105
473
-473
474
1106
-157
474
473
-158
474
-473
473
790
474
-789
1105
157
-1105
790
1105
-158
473
157
-790
-473
-158
474
-473
1106
-157
-790
-158
-157
-1105
158
158
-473
-157
1105
473
790
1106
474
790
-473
-157
-474
-157
474
-1106
474
-1105
473
-1106
-158
158
-790
1106
-473
790
-158
-790
-474
-1106
1105
-1105
-158
789
-158
-789
-790
474
-474
474
-789
-1106
-474
158
-790
-790
789
157
-474
-1105
1105
-474
-1105
1106
474
158
-789
790
-1105
789
1106
473
-1105
790
-158
790
-474
157
-474
1105
157
473
474
157
1106
-474
1106
473
473
-789
-157
1106
-1106
790
1106
-158
473
474
474
158
-473
158
473
-474
158
474
1106
157
790
474
