473
790
158
-789
789
473
-157
-791
-157
-158
791
789
-1106
-158
-474
-473
-790
-472
-156
-158
-474
474
474
473
1106
473
790
-474
-1106
-472
-790
-158
1106
1105
-791
-157
-1106
788
-158
1106
1105
157
-791
-789
1105
-158
-473
-1105
789
157
-1105
-789
-790
473
-791
473
-789
-473
-790
789
-473
-474
-791
788
-474
-1106
474
1106
157
157
-1106
-791
-790
1105
-1106
-473
-1105
789
-157
157
-1106
1106
-790
472
-789
156
157
157
474
-789
-791
1105
-473
156
790
1106
158
474
-1105
472
790
-1105
-474
474
475
157
1107
474
-473
-473
-1105
-473
-473
156
-158
-1106
157
-790
-473
1105
473
-789
-158
-1105
790
474
-1107
473
1105
473
1105
158
790
1105
1105
-472
-473
-158
158
-472
-790
-790
-473
789
473
790
1106
-158
-789
-790
-158
-791
789
-1106
-473
157
-790
474
-789
-1105
158
-789
789
-158
1106
-157
-473
-474
-789
-473
789
-156
-474
-790
-1106
157
158
789
-791
-474
-157
-1107
474
-473
790
474
-156
1106
-474
473
474
474
158
-473
1106
-474
-790
-789
1105
157
-158
-473
-473
-474
157
-474
-789
-473
473
790
-1105
-1105
-1105
-1106
-157
156
1106
-789
-157
-473
157
-1105
789
-790
1106
473
-1105
-1106
-1107
-790
158
473
1107
157
-1106
157
157
1107
473
-157
474
-473
1105
1107
474
-1105
790
-1105
158
158
1107
-474
158
-158
-790
-1105
789
474
1106
-473
-1106
1105
1105
157
-157
-1106
789
156
-473
-474
1106
1107
-1106
1107
-473
-158
1106
-157
157
157
790
790
-473
472
1106
474
473
474
-158
-473
474
-473
791
-474
790
-1106
-1106
-473
-1106
-1106
474
789
473
1106
158
-473
-158
-473
-474
473
-474
789
-158
-157
473
-790
1105
-788
-472
-156
-157
157
474
-790
473
1105
790
789
-158
474
474
-473
157
-790
-158
-1105
157
157
790
789
1106
789
-789
473
473
158
473
-473
1106
-157
1106
-473
1106
-474
-157
-157
-474
157
1107
-789
-1106
156
1106
791
474
-791
790
-1106
474
-157
-474
789
474
157
474
-1106
-1106
473
-157
-790
157
472
-157
474
473
-158
-1105
-788
474
790
-1106
-1107
-1106
473
158
1105
-1106
-473
791
1107
-158
158
1106
1106
-474
1106
473
473
1107
474
-158
474
-473
-157
-790
789
-158
-158
-157
-790
-790
1106
-789
-789
-157
-474
-157
-789
-1106
1105
-157
-1106
474
158
1106
157
474
473
1106
-474
-158
157
-158
-158
-474
-474
1106
474
-1105
157
-1106
473
157
789
473
157
1106
-156
789
-789
-474
473
473
-1105
474
-1106
158
1106
-789
474
-788
-1106
-1106
-158
-473
-158
-1107
-473
-157
157
-790
-158
-791
790
-1106
474
-790
-157
-474
-474
-474
-158
-157
473
474
157
790
789
1107
-1106
-1106
-157
-158
474
158
-472
-475
-473
-791
158
-158
-474
789
789
789
473
-158
-1105
158
1105
-791
473
-473
473
-474
-475
475
-1106
-474
-156
-1106
158
1106
-157
-1106
-474
790
157
-1106
474
1106
-1105
-790
790
-473
-1105
-474
-1105
790
473
-1106
-158
-1106
158
-790
-474
790
-158
-1106
1105
-473
790
789
157
-473
1106
474
474
789
1105
1106
-1105
789
790
791
157
