157
156
468
1107
792
-156
156
475
-789
1107
792
792
153
472
-472
156
1109
-788
-789
-160
-788
-788
-788
-790
1110
-474
-156
790
-793
1105
-158
-790
153
155
792
-1110
1110
-1109
-472
470
153
-790
1104
-790
-156
156
-1106
-790
-472
1105
476
473
1104
-472
1104
-790
474
156
-1104
472
472
-155
792
1104
472
-1107
-472
476
156
-1105
788
-477
-158
475
792
1109
-1104
154
-472
791
156
-155
1104
1109
156
791
790
-472
472
156
-1110
158
788
1108
-792
-1110
-1110
157
787
-790
-474
792
157
-157
1110
1108
-1108
789
472
-156
-788
-1102
155
-473
-789
-156
473
1104
1105
470
-1104
-1106
472
1104
475
-1108
-792
-473
1104
-156
-156
156
474
-474
1110
1107
472
472
-472
-1107
792
-788
-788
-475
1107
1104
1100
156
472
156
156
-1104
788
476
-156
-156
-473
473
1107
-475
791
792
-156
-156
-1104
473
1109
-469
-156
-156
788
-1107
-789
1104
-479
791
-794
155
1107
473
156
790
473
-473
473
788
790
153
-473
1107
-156
156
788
788
156
-788
-788
1106
-1107
-1107
-156
1104
-156
156
-1107
474
792
474
-474
-475
-156
789
-157
788
-788
-472
473
-154
-476
-156
1108
-1107
156
-788
787
-1108
790
-474
-156
790
-477
-469
792
-795
1107
-1106
790
158
-792
474
1110
-473
-159
-473
156
787
-155
1107
-790
-787
156
-1104
-789
156
-1103
154
152
472
153
474
156
-1107
-1107
788
-1104
-478
-473
-789
1104
156
-156
477
-1107
790
-1107
-156
-473
156
473
-1108
-157
472
792
-1108
790
788
788
156
472
-473
788
-472
1104
-155
156
-474
-159
-474
156
-156
-1104
472
-792
-790
156
478
1107
791
474
1107
-474
157
156
-473
156
473
-472
-1107
-792
791
1106
791
156
157
-478
790
-788
-1104
1106
157
157
794
-792
-472
-156
-472
-1110
792
474
-1109
-159
1104
158
-156
474
1105
1104
-156
-1104
791
-474
473
-787
-790
156
-1108
-474
790
1104
157
159
472
-156
-473
-474
1109
1104
-1107
-474
156
-156
-157
1105
1106
-1108
-1104
-153
156
472
-1107
-473
-1106
156
1104
472
-472
472
1104
-1105
790
1110
-154
-1104
-1104
-788
-157
793
-473
-788
473
-160
473
159
-1104
-472
1107
-792
473
-1104
473
-156
1110
792
1108
-154
-792
-1110
791
473
153
156
-474
156
1107
-1107
-789
-472
-792
-156
1104
472
476
-788
1107
-1110
156
-157
-156
1104
-785
-473
-1108
1110
473
-472
472
1104
-156
476
472
-153
472
-473
473
791
472
-788
1107
156
-1107
788
1107
-156
472
157
-792
-474
-154
475
-473
1104
-159
-793
-156
-157
-1108
156
157
-472
-156
1110
474
792
1107
476
788
-471
-156
-474
-156
472
-1105
472
-1108
470
-1108
-154
156
-793
1106
-474
790
-156
-789
-473
-1100
1104
-1107
-156
791
-156
-790
-792
473
-472
472
-789
-1104
-473
153
-788
-790
788
156
-472
-1104
1104
-472
-1104
1104
472
156
-783
790
-1104
789
1104
472
-1104
788
-159
790
-475
156
-472
1107
155
471
472
160
1110
-473
1104
473
474
-792
-156
1108
-1104
789
1110
-157
471
473
474
160
-478
157
475
-471
156
472
1104
156
788
472
