118
197
39
-197
197
118
-38
-197
-39
-39
198
197
-276
-39
-118
-118
-197
-118
-39
-39
-118
118
118
118
276
118
197
-118
-277
-118
-197
-40
276
276
-196
-39
-276
197
-39
276
276
39
-197
-197
276
-39
-118
-276
197
39
-276
-197
-197
118
-196
118
-197
-118
-197
197
-118
-118
-197
197
-118
-276
118
276
39
39
-276
-197
-197
277
-276
-118
-276
197
-39
39
-276
276
-198
118
-197
39
39
39
118
-196
-197
276
-118
39
197
276
39
117
-276
118
197
-276
-118
118
119
39
276
118
-118
-118
-275
-119
-118
39
-39
-276
39
-197
-119
276
118
-197
-39
-276
197
118
-276
118
277
119
276
39
197
276
276
-118
-118
-39
39
-118
-197
-197
-118
197
118
197
276
-39
-197
-197
-39
-197
196
-276
-118
39
-197
118
-197
-276
39
-197
197
-39
276
-39
-118
-118
-197
-118
197
-39
-117
-197
-276
39
39
197
-196
-118
-39
-277
118
-118
197
118
-39
276
-118
118
118
118
39
-117
276
-118
-197
-197
276
39
-39
-118
-118
-118
39
-118
-197
-118
118
197
-276
-276
-277
-276
-39
39
276
-197
-39
-118
39
-276
197
-197
276
118
-276
-276
-276
-197
39
118
276
39
-276
39
40
276
118
-38
118
-118
276
276
118
-276
197
-276
39
39
277
-118
39
-39
-197
-276
197
118
276
-118
-276
276
276
40
-40
-276
197
39
-119
-118
276
276
-276
276
-118
-39
277
-39
39
40
197
197
-118
117
276
118
119
118
-39
-119
118
-118
197
-118
197
-276
-276
-118
-276
-276
118
197
118
276
39
-118
-39
-117
-118
118
-117
197
-39
-39
119
-198
276
-197
-118
-38
-39
39
118
-197
117
276
197
197
-39
118
118
-118
39
-197
-39
-276
39
39
197
197
276
197
-197
118
118
39
118
-118
276
-39
276
-118
276
-118
-39
-39
-118
39
276
-197
-276
40
276
197
118
-197
197
-276
117
-39
-118
197
118
39
118
-276
-276
118
-39
-197
39
118
-39
118
118
-38
-276
-197
118
197
-275
-276
-276
118
39
276
-276
-118
197
276
-39
39
275
276
-118
276
118
118
276
118
-39
118
-118
-39
-197
197
-39
-39
-39
-197
-197
276
-197
-197
-39
-118
-39
-197
-276
276
-39
-276
118
39
276
39
118
118
275
-118
-39
39
-39
-39
-118
-118
276
118
-276
39
-276
118
39
197
118
39
277
-40
197
-197
-118
118
118
-276
118
-275
39
276
-198
118
-197
-276
-275
-39
-118
-39
-276
-118
-38
39
-197
-39
-197
197
-275
118
-197
-39
-118
-118
-118
-39
-39
118
118
39
197
197
276
-276
-276
-39
-39
118
39
-118
-118
-118
-197
39
-39
-118
197
197
197
118
-39
-276
39
276
-197
118
-118
118
-118
-118
118
-276
-118
-39
-276
39
276
-39
-276
-118
197
39
-276
118
276
-276
-197
197
-118
-276
-118
-276
197
118
-276
-39
-276
39
-197
-118
197
-39
-276
275
-118
197
197
39
-118
276
118
118
197
276
276
-276
197
197
197
39
